Qaseem
Jan
15.1909090909
15.775
374.06446281
174.271875
p= 0.93454305508
(0.65491364545199782, 0.028743762577073364)
(0.027137335071890086, 0.92053367137067899)
-------------
Feb
5.64545454545
18.28125
37.0752066116
382.574023437
p= 0.0304404585186
(0.37383669494248295, 0.25739820024143012)
(0.036764491648489835, 0.89247468445713007)
-------------
Mar
22.7545454545
29.94375
766.786115702
636.751210938
p= 0.517599341333
(0.3869361836885381, 0.23975009556554494)
(-0.057305663033554333, 0.83304277605796961)
-------------
Apr
23.0454545455
34.29375
737.718842975
815.035585937
p= 0.33105502734
(0.32590251065953585, 0.32804460607360225)
(0.01671547217900449, 0.95100730062152694)
-------------
May
8.03636363636
21.53125
114.89322314
1726.39089844
p= 0.246008420551
(-0.096163660665749107, 0.77850962959502379)
(-0.1381522808641297, 0.60988278993672795)
-------------
Jun
0.0
0.0
0.0
0.0
p= nan
(nan, 1.0)
(nan, 1.0)
-------------
Jul
0.0
0.0
0.0
0.0
p= nan
(nan, 1.0)
(nan, 1.0)
-------------
Aug
0.0
0.03125
0.0
0.0146484375
p= 0.333170135915
(nan, 1.0)
(0.23234077126258104, 0.38653693169312076)
-------------
Sep
0.0
0.25
0.0
0.9375
p= 0.333170135915
(nan, 1.0)
(0.22796200087789997, 0.39580072731729865)
-------------
Oct
1.02727272727
5.28125
5.75289256198
80.6302734375
p= 0.0981679202718
(-0.096776158311117022, 0.77712951829970811)
(-0.092935839953753832, 0.73210224768056287)
-------------
Nov
14.4090909091
20.44375
664.653553719
614.334960938
p= 0.566644768672
(0.039640796953691819, 0.90787692079290061)
(-0.13623873434955083, 0.61488980551493144)
-------------
Dec
16.2909090909
17.63125
503.346280992
678.848398437
p= 0.892130460784
(0.16129976212503949, 0.63563908356846988)
(0.39216837543148775, 0.13300032743755524)
-------------
Riyadh
Jan
16.1666666667
10.38125
906.887222222
320.431523437
p= 0.57773757919
(0.18350678184156793, 0.56807316521471352)
(0.40423441686019757, 0.12044063925945217)
-------------
Feb
5.35
10.70625
39.7575
164.789335937
p= 0.174282869311
(-0.41618392292300749, 0.17839815739043199)
(-0.35841916211441027, 0.17282303222984066)
-------------
Mar
32.1916666667
26.7125
1206.52409722
511.65859375
p= 0.653298597155
(-0.41306255048962159, 0.18201018997285814)
(-0.26775775026415061, 0.31604664084196599)
-------------
Apr
43.7666666667
24.86875
1637.09888889
983.720898437
p= 0.21157351007
(0.12130041587304828, 0.70726658633778816)
(0.19790193030882369, 0.46251668974358351)
-------------
May
13.3166666667
5.78125
372.389722222
85.9990234375
p= 0.249967310643
(-0.31053208034040997, 0.32591275588246171)
(0.29718579809285178, 0.26364915133086592)
-------------
Jun
0.0
0.0
0.0
0.0
p= nan
(nan, 1.0)
(nan, 1.0)
-------------
Jul
0.733333333333
0.01875
5.91555555556
0.0052734375
p= 0.350908399058
(0.37597592575192978, 0.22840210453729995)
(-0.40333022047652572, 0.12135211698016915)
-------------
Aug
1.53333333333
0.0
22.9622222222
0.0
p= 0.31131269473
(0.27360250683539478, 0.38951731701367698)
(nan, 1.0)
-------------
Sep
0.0
0.0
0.0
0.0
p= nan
(nan, 1.0)
(nan, 1.0)
-------------
Oct
0.258333333333
1.7875
0.734097222222
42.84609375
p= 0.384618762851
(-0.050321683539811597, 0.87657865386141909)
(-0.35005137669235237, 0.18380004381644308)
-------------
Nov
3.19166666667
1.1375
22.1224305556
4.68109375
p= 0.198543985735
(-0.24746383152904772, 0.43807034485972979)
(-0.040158228150562851, 0.88261021971733489)
-------------
Dec
10.6166666667
16.51875
154.058055556
616.022773438
p= 0.434469040799
(0.23447522816537511, 0.46323135168319396)
(0.32498407380803446, 0.21938363611005901)
-------------
Hail
Jan
20.7083333333
9.6625
992.129097222
87.87859375
p= 0.280995292049
(-0.40327940370474596, 0.19362438358167544)
(0.21949799222310382, 0.41404028024297779)
-------------
Feb
7.24166666667
14.9125
146.174097222
499.97359375
p= 0.272303358934
(0.015493744153693638, 0.96188306553632541)
(0.18097261957490707, 0.50238457182093832)
-------------
Mar
12.4
23.03125
332.173333333
761.305898437
p= 0.248166189131
(-0.67917612744421396, 0.015139456456162263)
(-0.061881097561345799, 0.81990829843121116)
-------------
Apr
18.1333333333
28.0375
522.950555556
608.89359375
p= 0.301669668555
(0.52466801952460174, 0.079888622965845119)
(-0.2393987633114748, 0.37185536572052652)
-------------
May
10.0666666667
8.80625
195.580555556
228.153085937
p= 0.828112565321
(0.15857744056237838, 0.62254291710852083)
(0.094408263392465941, 0.72800660005980466)
-------------
Jun
0.166666666667
0.225
0.305555555556
0.759375
p= 0.836626290067
(0.20417923574415775, 0.52443054911603926)
(-0.21771460494290398, 0.4179388079693086)
-------------
Jul
0.0
0.0
0.0
0.0
p= nan
(nan, 1.0)
(nan, 1.0)
-------------
Aug
0.0
0.0
0.0
0.0
p= nan
(nan, 1.0)
(nan, 1.0)
-------------
Sep
0.0
0.15
0.0
0.1575
p= 0.163875613656
(nan, 1.0)
(-0.033115923585995792, 0.90309633131530753)
-------------
Oct
7.49166666667
8.66875
197.302430556
179.907148438
p= 0.831537664327
(-0.60275678172614078, 0.038036392679679856)
(-0.16439865433398726, 0.5429122978388925)
-------------
Nov
27.475
28.8
358.668541667
2982.6175
p= 0.931480033164
(-0.079428192213650606, 0.80616710833785943)
(-0.40907030881372608, 0.11564646386276521)
-------------
Dec
4.68333333333
10.3375
24.5113888889
224.83734375
p= 0.188753797869
(-0.11849528323812684, 0.71378135354703842)
(0.36602877140790846, 0.16322625552010797)
-------------
