0.2838909
0.346013
1.394195
2.322486
3.349403
1.936519
2.610697
3.278515
2.443368
2.10896
0.6352149
0.4329689
0.4377053
0.5306529
1.610794
2.323566
3.023165
1.719042
2.417153
2.790932
2.321179
2.123013
0.8132685
0.2845265
0.3992017
0.6953138
1.354696
1.561657
2.830523
1.849592
2.656016
2.900877
2.581044
1.991186
0.9586979
0.4019763
0.5180137
0.7289289
1.500804
1.683692
3.131382
1.864337
2.719324
3.195299
2.368242
2.034655
0.8282417
0.4025756
0.5873935
1.082554
2.140056
2.16705
3.29034
2.055671
3.046888
3.471883
2.66206
2.279515
1.044807
0.5787895
0.6859645
0.8559803
1.772424
1.291575
2.282214
1.923623
2.87725
3.261891
2.621344
2.220485
0.8682175
0.2800946
0.2193854
0.2909107
1.367753
2.019782
3.30133
2.061703
2.893902
3.077838
2.565049
1.950668
0.9619592
0.3399502
0.3044442
0.5334704
1.791592
1.193059
2.77198
1.999823
2.833728
3.412779
2.786989
2.242646
0.7666614
0.5207937
0.9599419
0.8262727
1.758847
2.425676
3.665024
2.159481
3.00162
3.536274
2.874401
2.233286
0.9943594
0.6542203
0.7356827
0.7609951
1.017967
1.80354
3.239055
1.955451
3.061766
3.1856
2.905617
2.285544
0.6369209
0.2603132
0.6500107
0.6188068
1.741283
1.591468
2.324458
1.926324
3.012776
3.164293
2.74849
2.3325
1.04364
0.6379743
0.4790584
0.528027
1.843351
1.911936
3.35015
2.14752
2.885291
3.199354
2.780798
2.53486
0.9530427
0.5817513
0.6085315
0.7562913
1.37442
2.526545
3.545568
2.115788
2.959547
3.291223
2.794702
2.48563
1.229509
0.6261242
0.8909359
1.109393
2.155028
1.563227
3.39053
1.922639
3.144221
3.323383
2.738854
2.135851
0.9846728
0.5786092
0.6456298
0.6471543
1.788014
1.418429
1.456484
2.042434
2.765685
3.397592
2.822763
2.558639
0.767963
0.2374774
0.4083707
0.8202642
1.954677
2.253483
3.581115
1.997382
2.94761
3.582142
3.064517
2.383671
0.9934331
0.5811963
0.2647143
0.3784411
0.7324255
1.342765
3.611371
2.214254
2.9835
3.57951
3.09576
2.405882
1.161225
0.5935007
0.7564608
0.9486604
2.055958
1.866581
3.654599
2.100605
3.274672
3.516967
3.215112
2.292556
1.109721
0.6266953
0.6609679
0.1552525
0.3783403
0.3272929
2.257299
1.935173
2.814058
3.313165
2.86306
2.722716
0.7721202
0.54039
0.7203932
1.472274
2.270413
2.156514
4.173235
2.791442
3.785821
4.76652
3.973329
2.799286
0.7759208
0.4022757
0.5160195
0.926082
1.394651
3.603507
4.958059
3.176049
4.944975
5.005896
4.510593
3.711725
1.472674
1.094095
1.025542
1.068861
2.302098
3.107823
4.847454
3.418298
4.701094
5.215421
4.747337
3.984446
1.856587
0.9159922
1.274787
1.41702
3.265524
3.252875
6.330426
4.006898
5.793603
6.242717
5.153109
4.397174
1.981477
0.5728466
1.178815
0.8524155
0.6122658
1.519683
6.274552
4.5647
6.966192
7.979902
6.807241
5.414908
2.342487
1.594539
2.077306
1.820289
1.137393
1.27873
1.624834
3.607283
6.428451
8.604255
7.970641
5.646696
0.9829561
0.6538794
0.9372227
1.766188
4.207428
4.663258
2.673539
4.556237
9.024426
10.40077
8.437181
6.48396
3.329427
2.0867
2.832048
3.874232
6.790758
4.70963
9.089605
6.471924
9.659627
10.19493
9.140998
7.344218
2.470961
0.7041672
0.8097724
1.118601
3.710754
2.104029
5.695173
5.806959
9.800878
12.44977
10.34721
8.165659
2.036038
0.6400009
0.8997163
0.7230146
1.366697
1.033276
6.174574
5.898629
11.08136
13.89098
11.08682
9.811119
3.773701
1.773716
2.667608
3.863308
1.769505
4.913937
12.27961
8.750422
13.50447
14.91425
12.04767
9.546021
3.884247
2.745226
2.110781
3.200924
7.191827
7.334031
15.28292
9.249255
13.71387
15.14765
13.05642
10.551
4.474302
2.91824
3.205073
3.139174
4.160016
5.724024
14.87769
9.135703
13.78223
15.45873
12.47947
10.19782
4.491806
1.457114
1.437404
1.756229
5.840117
8.617003
12.83008
9.372828
13.67132
15.06528
12.7612
10.38447
4.744508
3.01032
2.947626
3.237441
3.869903
7.813099
15.17365
9.395331
12.49538
14.43846
12.4103
9.371179
4.379689
2.733669
2.573293
3.160509
6.580132
7.255876
13.86856
9.279571
13.0075
15.42903
12.41847
9.687859
3.13785
1.326924
2.005273
2.114474
3.324152
2.019469
6.413125
8.789415
13.32406
15.59753
12.72719
10.99843
4.296981
3.011729
4.177512
4.911527
8.844035
9.171696
15.22553
9.557405
13.10472
16.23865
13.12942
11.0314
4.1359
1.732486
3.007355
3.226505
5.045486
4.625576
13.93182
9.944482
13.92148
17.04251
13.15045
10.89682
4.846002
1.516983
0.7742819
1.427608
5.185313
6.095139
16.16662
9.877496
14.96639
17.03691
14.22815
10.73597
4.568193
2.175598
3.188108
4.037526
5.852296
8.040488
16.7869
10.42908
14.42366
15.8279
13.70884
11.17312
1.773491
0.5751761
0.740477
2.120647
3.202701
6.548177
14.91792
10.56425
15.01912
17.68972
14.16449
11.36167
5.245734
3.469633
2.532851
3.539587
7.760757
12.74832
19.11753
11.04861
15.03958
17.72688
14.63271
11.77056
5.193425
3.007146
4.013814
4.974433
9.658177
13.74125
18.19185
10.72069
16.15947
18.37136
13.46977
10.7571
3.51137
1.855908
2.703046
4.531976
6.920146
8.238619
17.81819
10.27359
15.23242
18.42064
13.86706
11.13109
4.723151
2.399081
2.7252
4.393836
5.191041
9.443836
17.48446
10.45852
15.53203
17.46477
13.74
11.73614
4.825576
2.424162
3.348882
4.752128
8.564381
11.85757
17.45502
10.55765
15.11239
17.89725
13.58772
11.65551
4.909242
1.308986
1.748634
2.66159
9.661565
8.12941
13.91119
10.07548
15.17149
16.87948
13.1807
11.51517
4.896918
2.144073
2.743512
1.211459
2.502893
8.717482
15.03482
10.10454
14.77839
17.01467
13.526
10.91681
4.928339
3.429896
4.228427
4.635558
9.943691
12.04116
16.51331
11.17041
15.11201
18.16833
13.26221
11.94597
4.273298
2.179124
3.408643
4.976695
10.02503
11.86494
18.71656
10.94011
14.56509
16.73254
14.39275
12.21427
5.249359
3.195163
3.629251
4.48284
11.34459
11.9997
18.07134
10.68557
14.57049
17.2696
15.08393
11.54781
3.208891
2.388868
